v14 <- -5.0
v16 <- -4.0
v18 <- -3.0
v0 <- 0
v1 <- 1
v3 <- 1
v5 <- 1
v7 <- 2
v9 <- 2
v11 <- 2
v13 <- 3
v15 <- 3
v17 <- 3
